t_min,timestamp,current_mean_A,current_std_A,n_samples
0.0,2026-10-07T10:51:55,9.27315422e-07,1.3550144075092896e-07,100
5.0,2026-10-07T10:56:55,1.0175639400000003e-06,4.4489805839540406e-09,100
10.0,2026-10-07T11:01:55,1.0177837299999999e-06,4.47374837883179e-09,100
15.0,2026-10-07T11:06:55,1.0198238100000001e-06,4.7778591852313945e-09,100
20.0,2026-10-07T11:11:55,1.0183239400000003e-06,5.10089817545891e-09,100
25.0,2026-10-07T11:16:55,1.02164154e-06,5.380922111348582e-09,100
30.0,2026-10-07T11:21:55,1.02280647e-06,4.448173531810559e-09,100
35.0,2026-10-07T11:26:55,1.0208876100000002e-06,4.973075720105219e-09,100
40.0,2026-10-07T11:31:55,1.02134655e-06,4.982275751852772e-09,100
45.0,2026-10-07T11:36:55,1.02198966e-06,4.757409976489318e-09,100
50.0,2026-10-07T11:41:55,1.02204213e-06,4.769503841396922e-09,100
55.0,2026-10-07T11:46:55,1.0228362400000001e-06,4.3677495764294945e-09,100
60.0,2026-10-07T11:51:55,1.0231290100000002e-06,4.251876977277211e-09,100
65.0,2026-10-07T11:56:55,1.0250388700000001e-06,4.34546022339407e-09,100
70.0,2026-10-07T12:01:55,1.0240446299999998e-06,5.1707702166215095e-09,100
75.0,2026-10-07T12:06:55,1.0248809300000002e-06,5.1671407107896804e-09,100
80.0,2026-10-07T12:11:55,1.02509368e-06,4.345745190137139e-09,100
85.0,2026-10-07T12:16:55,1.02696997e-06,4.7608371038190314e-09,100
90.0,2026-10-07T12:21:55,1.0261461699999998e-06,4.469618384280703e-09,100
95.0,2026-10-07T12:26:55,1.02755815e-06,4.811220590193309e-09,100
100.0,2026-10-07T12:31:55,1.0279386299999999e-06,3.892055450928201e-09,100
105.0,2026-10-07T12:36:55,1.0286416000000001e-06,4.41667953105043e-09,100
110.0,2026-10-07T12:41:55,1.02763854e-06,4.753581198254636e-09,100
115.0,2026-10-07T12:46:55,1.0292096600000001e-06,5.473107181884898e-09,100
120.0,2026-10-07T12:51:55,1.02935092e-06,4.9798150320669646e-09,100
125.0,2026-10-07T12:56:55,1.0302585600000001e-06,5.040215027793948e-09,100
130.0,2026-10-07T13:01:55,1.02978474e-06,4.311668601875621e-09,100
135.0,2026-10-07T13:06:55,1.0294041899999998e-06,4.9847460169902324e-09,100
140.0,2026-10-07T13:11:55,1.02947065e-06,4.712942907303253e-09,100
145.0,2026-10-07T13:16:55,1.03095016e-06,4.9599740154964465e-09,100
150.0,2026-10-07T13:21:55,1.0316646700000002e-06,4.292114889084399e-09,100
155.0,2026-10-07T13:26:55,1.03090791e-06,4.788268131788362e-09,100
160.0,2026-10-07T13:31:55,1.0303119700000001e-06,4.658275467284005e-09,100
165.0,2026-10-07T13:36:55,1.02984267e-06,4.23706690071091e-09,100
170.0,2026-10-07T13:41:55,1.03156808e-06,4.4476339680329e-09,100
175.0,2026-10-07T13:46:55,1.0322967e-06,4.151597440744949e-09,100
180.0,2026-10-07T13:51:55,1.03355822e-06,4.681793059459158e-09,100
185.0,2026-10-07T13:56:55,1.0324695600000002e-06,4.756409789578698e-09,100
190.0,2026-10-07T14:01:55,1.03326338e-06,5.080697101343485e-09,100
195.0,2026-10-07T14:06:55,1.03269196e-06,4.840195466962055e-09,100
200.0,2026-10-07T14:11:55,1.0319078800000002e-06,4.158311220387425e-09,100
205.0,2026-10-07T14:16:55,1.0339336e-06,4.076734219936347e-09,100
210.0,2026-10-07T14:21:55,1.0333599500000001e-06,4.254780672079355e-09,100
215.0,2026-10-07T14:26:55,1.0341528199999997e-06,4.8544351007712505e-09,100
220.0,2026-10-07T14:31:55,1.0339894e-06,4.169035809392853e-09,100
225.0,2026-10-07T14:36:55,1.03427905e-06,4.4036451250640195e-09,100
230.0,2026-10-07T14:41:55,1.0363771399999998e-06,4.2322222508275735e-09,100
235.0,2026-10-07T14:46:55,1.036159e-06,4.646094667567598e-09,100
240.0,2026-10-07T14:51:55,1.0348687400000001e-06,4.7934830314083725e-09,100
245.0,2026-10-07T14:56:55,1.03458583e-06,4.759100555892892e-09,100
250.0,2026-10-07T15:01:55,1.03473422e-06,4.654294203378216e-09,100
255.0,2026-10-07T15:06:55,1.0353272300000002e-06,4.389097922933599e-09,100
260.0,2026-10-07T15:11:55,1.0372088700000002e-06,4.950188090678991e-09,100
265.0,2026-10-07T15:16:55,1.0373837299999999e-06,4.558665025761384e-09,100
270.0,2026-10-07T15:21:55,1.0356819399999998e-06,4.1535192688128864e-09,100
275.0,2026-10-07T15:26:55,1.03629031e-06,4.7367405390099226e-09,100
280.0,2026-10-07T15:31:55,1.03498999e-06,5.0040093035385175e-09,100
285.0,2026-10-07T15:36:55,1.03650629e-06,4.625805895830484e-09,100
290.0,2026-10-07T15:41:55,1.03591601e-06,4.550664583321865e-09,100
295.0,2026-10-07T15:46:55,1.0362456999999999e-06,4.636017201219172e-09,100
300.0,2026-10-07T15:51:55,1.03671103e-06,4.181140300097565e-09,100
305.0,2026-10-07T15:56:55,1.03600573e-06,4.134420585414596e-09,100
310.0,2026-10-07T16:01:55,1.03593729e-06,4.3267339629216795e-09,100
315.0,2026-10-07T16:06:55,1.0373316199999997e-06,4.790401863685349e-09,100
320.0,2026-10-07T16:11:55,1.03231766e-06,4.239024579357848e-09,100
325.0,2026-10-07T16:16:55,1.03226308e-06,4.854963181487578e-09,100
330.0,2026-10-07T16:21:55,1.03324476e-06,5.127671518574494e-09,100
335.0,2026-10-07T16:26:55,1.0323448699999998e-06,4.26601551252454e-09,100
340.0,2026-10-07T16:31:55,1.0348968000000003e-06,4.688052201074554e-09,100
345.0,2026-10-07T16:36:55,1.03483228e-06,5.155249169691024e-09,100
350.0,2026-10-07T16:41:55,1.0341242100000001e-06,5.170579821054879e-09,100
355.0,2026-10-07T16:46:55,1.03382564e-06,4.17155303099456e-09,100
360.0,2026-10-07T16:51:55,1.03378292e-06,5.002744803965119e-09,100
365.0,2026-10-07T16:56:55,1.0348083e-06,4.113974036135861e-09,100
370.0,2026-10-07T17:01:55,1.0348542000000001e-06,4.177352625766709e-09,100
